"0","library(scSimu)"
